8398.220376 -351881.366359
8381.482021 -360163.681278
8376.604865 -368451.040983
8354.024926 -376758.200362
8335.029323 -385093.347585
8319.558829 -393386.954792
8305.060325 -401665.899846
8295.780786 -409972.030518
8276.051790 -418246.405025
8262.396687 -426574.396517
8252.090543 -434872.856367
8240.272868 -443184.790255
8222.932796 -451500.717313
8207.669408 -459772.860891
8188.564533 -468082.276412
8171.428982 -476387.862121
8156.322747 -484693.423832
8143.608518 -492991.630419
8410.385345 -504153.588724
